org1: 0.002285937500000001
url2: 0.0038886892361111127
org4: 0.002285937500000001
url5: 0.0060256915509259296
url1: 0.013505199652777784
org2: 0.002285937500000001
org3: 0.002285937500000001
url6: 0.009231195023148153
url3: 0.004422939814814817
